"1",1,5.1752938492282,5.67143875653188,10.0869609712841,1
"2",1,5.42137921365774,7.8217328993226,9.53570004375149,1
"3",1,5.02320808982283,4.5375340880177,11.7397128009046,1
"4",1,5.21867360903485,7.37213105627198,9.01433768440557,1
"5",1,5.1509676867973,6.73588771899507,9.85577198423196,1
"6",1,4.10244563185685,5.34824146405212,8.66421265877727,1
"7",1,4.52754862012611,6.78415012426264,9.61041798407445,1
"8",1,5.63280145360673,4.17937103328518,10.3312323974719,1
"9",1,5.15997935574221,5.28636871524518,10.8342878146589,1
"10",1,5.7261307422233,5.61378131226869,9.88707550280613,1
"11",1,4.80530895841291,7.43407958561253,10.1121884300528,1
"12",1,5.14777340225067,7.04456606560426,11.3098314015457,1
"13",1,5.19751624225995,6.61255270127487,8.82512870658096,1
"14",1,4.97636263237398,6.05420719345055,11.524480229262,1
"15",1,5.57378278937187,6.77174197145683,9.60124734478972,1
"16",1,4.30019157004346,4.2793025085573,8.52308919790547,1
"17",1,4.84837224421639,7.98274447201244,8.09226909784852,1
"18",1,5.0285816234677,6.02083753679468,8.84185739812084,1
"19",1,5.05385187782549,7.20109270470379,9.14111532260855,1
"20",1,4.6376884302352,6.27206491141947,9.58608534208943,1
"21",1,5.72910156188487,4.17343540539017,11.6392878188199,1
"22",1,4.92143118505226,7.14463697015791,11.5789502023174,1
"23",1,3.74229820986048,5.62875467571381,9.75045114655139,1
"24",1,5.56670555538612,5.93494146987282,9.19218348234704,1
"25",1,4.49319543741038,4.48036471229484,8.96808038021878,1
"26",1,5.00698423262937,5.4005825286193,9.40880813011296,1
"27",1,5.26540735977501,6.17234754160135,9.46032605461473,1
"28",1,4.7676828849049,5.36992730965339,8.82130097101499,1
"29",1,5.36623028718443,5.57068039497172,11.2957324298314,1
"30",1,5.69678224875005,7.54325367706189,10.9481412092968,1
"31",1,6.37516389813802,7.24935560311729,10.9933849827369,1
"32",1,5.24160827437954,4.74605096905181,8.83781533475844,1
"33",1,5.16155416204478,6.44735213481461,9.38896549439673,1
"34",1,4.50310457212382,6.84562010304554,9.24270597312429,1
"35",1,5.17012029834485,5.2930167458941,9.01764946040459,1
"36",1,4.36592293534817,4.95235756238938,10.2237834416196,1
"37",1,5.34110256605981,4.37655348654692,10.6777258422444,1
"38",1,5.36124994914734,3.66381260786733,9.95243985295679,1
"39",1,4.81428917651637,4.50305244242138,8.91966063968428,1
"40",1,5.28955835367448,8.10869342850681,11.4226040497344,1
"41",1,4.95266613814737,5.264149229371,9.25698974511966,1
"42",1,5.96298987192127,7.12823431927634,10.6994265568774,1
"43",1,4.55103281146359,6.83437550541071,11.5170052581513,1
"44",1,5.58516811908022,5.2421773976051,8.7408103650431,1
"45",1,4.51918539080285,6.69201575570564,7.91324409021265,1
"46",1,5.50272100546939,6.98853612256614,9.31533378211695,1
"47",1,5.68338231298692,4.88737800074443,11.0136109849828,1
"48",1,5.17524560475602,6.75439810956489,9.05251086525336,1
"49",1,4.96301336386816,6.5205995259649,10.1600321778489,1
"50",1,5.73826283053248,7.73490189330135,9.33276245369746,1
"51",1,5.06386307352459,5.78961414793601,10.1769634447848,1
"52",1,4.95077556298335,6.23441500860776,11.2827302277256,1
"53",1,5.259076212624,7.01672230950031,10.5002160441877,1
"54",1,5.27325271238793,5.86396327003797,11.6734373244303,1
"55",1,5.25747651728214,6.57331763583978,10.3284845983446,1
"56",1,4.65980156669436,5.93126884122912,10.5239271965057,1
"57",1,5.03358013856709,6.30093444568918,12.2353944400855,1
"58",1,5.46387173258278,7.54844770812694,10.9140500215582,1
"59",1,4.2911822696389,6.19027944325903,11.7837983952718,1
"60",1,5.29036127955489,5.56781329312209,9.89697487685369,1
"61",1,5.21677871036197,6.19336941586778,11.1455225412759,1
"62",1,4.79040949618129,5.56771282615972,10.0383272066306,1
"63",1,5.62000396386857,5.42661790016755,9.8864462576272,1
"64",1,4.70306482268869,6.13730730776249,9.94837286828749,1
"65",1,4.71180530003224,6.78561325857766,10.6883847044064,1
"66",1,4.9256969037426,5.57835733221882,10.8006921020104,1
"67",1,4.38064657399175,7.82685796788085,8.50525086005599,1
"68",1,5.57348597008408,5.93195658711436,11.8128315330569,1
"69",1,4.48145863811446,6.9651330344141,11.386834190036,1
"70",1,4.67962815780794,5.43097683581773,9.55147081634759,1
"71",1,4.77272957859633,6.24981395028542,8.77605514242167,1
"72",1,4.70380691420975,5.4076404842757,7.41639950951947,1
"73",1,6.05664783746399,4.96834685305607,10.6918081861828,1
"74",1,5.00739333665185,7.04795354057988,9.62389088880954,1
"75",1,5.0297302971894,7.54970581581415,7.81423191406053,1
"76",1,4.05049208302699,6.46515649680722,10.7121998393029,1
"77",1,5.69018770636989,5.48534926932857,10.3146054165897,1
"78",1,4.56176165701764,5.37208815630035,10.3842394393712,1
"79",1,5.61620554594863,6.56373995582775,11.266318424111,1
"80",1,5.69528537756313,5.54808425956182,9.0460973659135,1
"81",1,4.98711536329301,5.84520010022023,11.1869291662786,1
"82",1,4.3427832328986,6.29691433463007,10.0386786154809,1
"83",1,5.57637086403864,6.07434345211538,10.0752439083389,1
"84",1,5.0634398112107,6.5489492781073,11.7325779544978,1
"85",1,4.53895682928511,5.81490150223162,10.82938892949,1
"86",1,5.01055656778146,7.3872703767877,9.53434280601765,1
"87",1,4.60563012187188,5.35611943691407,7.98490996063708,1
"88",1,4.98838652688566,6.80676162081625,11.8650023396853,1
"89",1,5.06396832705525,7.19791924188339,11.3015957986531,1
"90",1,4.93616911823975,7.80255826901631,11.3288215084939,1
"91",1,3.89431743569385,5.62795448010845,9.72169804560043,1
"92",1,4.35494995595269,6.26384827904289,10.7145436920019,1
"93",1,4.6078061350039,5.66173790527808,10.1688665071838,1
"94",1,4.8003086366324,6.63339621498313,10.5896405231859,1
"95",1,5.20315052822702,6.70422726238896,9.7965381074138,1
"96",1,4.95306007251673,5.65958798723005,10.5285791125156,1
"97",1,4.51589769171396,5.5190260344862,8.31603998481617,1
"98",1,5.27190506575126,7.62024820157787,10.3670082140347,1
"99",1,4.43609105258288,7.18968807385358,10.8240716897719,1
"100",1,5.3679319806409,5.20863060791539,8.51634365735788,1
"101",1,4.82723160066763,7.19204527228421,9.71841711644714,1
"102",1,5.75851607030188,7.82549777436047,8.70867397093859,1
"103",1,5.23061649230122,7.27185128286498,8.32058016257435,1
"104",1,5.09226711767144,5.84989915070511,9.89419754733061,1
"105",1,4.36461247594363,6.80903081700595,11.0960645527217,1
"106",1,5.82730777702482,7.09188787007744,11.2380532537674,1
"107",1,4.88562654125406,5.04786392617813,10.7665616831735,1
"108",1,4.07180820649655,5.7878396837946,10.8227557004759,1
"109",1,4.81265578582273,6.62080413821503,10.452411093914,1
"110",1,4.68699749892165,6.99433749144204,11.5525191540311,1
"111",1,5.92993396910058,6.27164807184509,10.5007053483299,1
"112",1,4.99268842195062,5.76477578928596,9.92110825516618,1
"113",1,4.14345032826155,8.62497320507666,11.3869785977671,1
"114",1,5.08154515694932,5.59511937212344,9.89811643938561,1
"115",1,5.09973868774181,4.32801022416533,7.80056897848457,1
"116",1,5.20639777466434,7.27684285422036,10.0623302964474,1
"117",1,5.16669816772156,5.59987442550514,9.28056627997625,1
"118",1,4.97812613056342,6.66425479645642,10.8352202377936,1
"119",1,5.14564508051782,3.85395874213166,10.3323127107337,1
"120",1,5.55092957498426,5.72587241656394,11.7120288851398,1
"121",1,5.2686660088924,6.87857584249456,9.131979394698,1
"122",1,4.54349619842116,5.32412592622337,10.850055619375,1
"123",1,4.43594900354016,5.12339723821458,10.8416445063474,1
"124",1,4.90070508515812,7.38557130875511,10.7772533641824,1
"125",1,5.94361721304308,5.73898088172235,9.50445882567812,1
"126",1,5.5609676333066,6.68030003129927,10.8199922237881,1
"127",1,5.32872651341675,5.95467056478105,7.9696713293595,1
"128",1,4.93345049822553,4.78078312557142,8.36125000747707,1
"129",1,5.45867846367641,5.55608252442707,10.2947182781682,1
"130",1,5.0512275794275,5.21629647502323,8.0100544770318,1
"131",1,4.09733883767206,4.62204659892579,9.79341950834508,1
"132",1,4.91758051142442,6.22626503473306,11.2195142820976,1
"133",1,5.6132932556214,5.81794692132881,10.4504937131011,1
"134",1,5.04072937008228,5.51117682545597,10.3184201120235,1
"135",1,4.96440956114222,7.23732552925549,11.1590865902866,1
"136",1,4.56290797481408,4.42692029091591,10.8677470196889,1
"137",1,5.36972972809477,5.824957698687,9.47035817601818,1
"138",1,5.22191327155501,6.67315458885056,9.8086798891098,1
"139",1,4.49870813987067,5.96869405743056,10.0900838437818,1
"140",1,4.5025484819871,7.10897601857083,10.0986120203341,1
"141",1,4.78064544395547,4.55404656042285,9.83478508708826,1
"142",1,5.54972923564744,7.08100120350025,10.2814679010698,1
"143",1,4.11047628976902,5.91740902868993,7.64401055392773,1
"144",1,4.90741553854613,6.53323080088863,9.36940442119683,1
"145",1,5.05547480324489,5.83382709405292,11.0080241385023,1
"146",1,4.40677741012623,7.551729096902,9.33057827041485,1
"147",1,4.84270914766323,6.35131193209255,9.29410191011634,1
"148",1,4.90010849940032,7.13220757695477,10.4158170199627,1
"149",1,4.46688100606834,7.57563995912691,9.97854718439672,1
"150",1,4.66675129533078,6.32318816894576,10.5990150102699,1
"151",1,5.01470747203187,6.05652067794624,10.5362857916589,1
"152",1,4.82145815224668,4.69820796453208,10.2451922978497,1
"153",1,4.46940522382992,5.93569330071275,8.65213934306123,1
"154",1,4.73500651777001,5.62152995983375,10.0514907120105,1
"155",1,4.65386796805289,4.66709950569278,10.5463074811125,1
"156",1,4.25547460680985,5.28652267911676,11.3477525994752,1
"157",1,4.60031616673054,6.92859984227303,10.6659169490647,1
"158",1,5.5397307870516,6.11419324852872,10.7339239000975,1
"159",1,5.00180493914259,5.35874023993539,10.6013246800599,1
"160",1,5.60192808499159,4.73040168528157,10.3983684016652,1
"161",1,5.35016754215332,5.517176974979,10.2983638391382,1
"162",1,4.88825811764622,5.92765953239005,8.6772279763216,1
"163",1,4.24642536562576,7.37634433288701,9.40347368606651,1
"164",1,5.40355727897398,5.34419500194455,12.4395292453511,1
"165",1,5.37380549826198,7.36261481242903,10.2543056527007,1
"166",1,4.49379383170666,2.84560516701275,11.4296452746291,1
"167",1,5.69183318049852,7.32176475439068,9.91858126870019,1
"168",1,4.54794864693503,5.76083587489156,10.9603514557498,1
"169",1,4.06528511007249,6.59481647782441,10.5668266629981,1
"170",1,4.97069055281303,5.72726989631293,9.2449854380532,1
"171",1,4.96702880520609,6.22977967176642,11.3838351147608,1
"172",1,5.57778405170947,7.95784433572195,9.580281980279,1
"173",1,4.08369917726334,7.46382752800678,10.030602686072,1
"174",1,4.88357814281518,6.06455428996088,11.7197991226877,1
"175",1,4.11605087307896,5.04161702191847,11.3479065718238,1
"176",1,3.40938539893408,3.97290342810683,10.9038150388516,1
"177",1,4.79418553965281,7.04993624217635,7.83025834795525,1
"178",1,4.18778797963278,7.617752539086,11.5551557854217,1
"179",1,4.19581768606759,5.80128678169437,9.65544959944115,1
"180",1,5.34089230045633,5.94867631211627,9.62183322332261,1
"181",1,5.41801652781241,5.8321439296504,9.38250349296052,1
"182",1,5.5025546261052,8.06219471044886,11.488271041693,1
"183",1,5.33458891682353,6.95088991912955,8.9470793082653,1
"184",1,4.39661479093572,6.95832103174492,11.2375330989987,1
"185",1,5.70913618413053,4.94636790367289,8.90270715846426,1
"186",1,4.62239217461393,5.89118563794763,9.84484146224051,1
"187",1,4.90678047643574,7.80146091958126,10.1261183381571,1
"188",1,4.78330880950772,5.93818741351291,8.38059136271711,1
"189",1,4.61211120546292,5.19367859675506,9.05899619087278,1
"190",1,5.22213017359021,5.95557918340196,9.97762304503934,1
"191",1,4.86999490499413,8.07745912714841,10.3923787051965,1
"192",1,4.59993725597216,3.67444938506667,12.6149715987099,1
"193",1,5.81869268255233,6.63290718843045,12.3513846875119,1
"194",1,4.67061853571142,5.3010967956633,10.9809909674182,1
"195",1,4.82219699228316,6.39766949763575,8.78366783510016,1
"196",1,6.01565300703076,5.2998210974348,10.0201018450735,1
"197",1,4.6043066381158,5.60444765833962,11.7877500451619,1
"198",1,5.07671493494379,6.12663864795771,11.2475472876269,1
"199",1,5.13542698148967,6.60945097586468,10.9723392221001,1
"200",1,5.18192026206745,6.73688507059222,9.89513918795486,1
"201",1,4.65651029780044,6.70841628364332,10.7861716975529,1
"202",1,5.15159653313234,5.98123605336989,9.56065126505164,1
"203",1,3.81876336903771,5.46056940481141,11.4034489526038,1
"204",1,4.56080489280814,5.46075205662067,10.5412613266129,1
"205",1,4.95328663379149,7.04330861750858,9.22167291398532,1
"206",1,5.31599362680098,4.85933350873887,10.2318327820448,1
"207",1,4.93883656912515,7.19734784898126,8.45922792441739,1
"208",1,5.07737891359615,6.58708582399718,11.6989177582337,1
"209",1,3.97809304372332,6.44500009179241,9.80130665017747,1
"210",1,5.12681496646271,6.77880161389747,9.55221774302666,1
"211",1,4.54420518788073,6.38864154254942,9.15637980292071,1
"212",1,5.23335125450157,3.89156764618593,11.5929660469926,1
"213",1,4.64806486154163,5.94275595013907,9.46886954803588,1
"214",1,5.27939549102985,7.39075163210269,9.91243033578782,1
"215",1,4.82452347456829,5.76612954122429,10.1153175015399,1
"216",1,4.89377941999186,7.61638072171413,10.6186072936587,1
"217",1,4.73234586290221,6.71225225366542,9.56188110480805,1
"218",1,4.88992500729039,4.68596985060297,9.32875709547515,1
"219",1,4.58539696047374,4.93461220655977,10.1421953528531,1
"220",1,5.01017138002677,5.47463841409443,10.9062000952738,1
"221",1,5.24449750908095,6.29428968051704,11.1660035070185,1
"222",1,4.65431499969579,9.18977990769089,9.64431396334813,1
"223",1,5.08289553694241,4.69743304959009,9.81699459991096,1
"224",1,5.44338386579804,6.45708745701859,9.35465545147889,1
"225",1,4.65286903057955,4.72277675129667,8.95772247281869,1
"226",1,4.31155981744582,6.31764659802007,10.5277226732113,1
"227",1,4.91650197880448,7.52891638734973,11.6765771631845,1
"228",1,4.91251898712039,5.6464885024614,10.3707967556166,1
"229",1,4.63093807671817,6.13129726852886,9.79563573380189,1
"230",1,5.84465216499316,4.99215611934333,10.9835196222742,1
"231",1,5.63285886168372,5.64195309195037,9.61444318831876,1
"232",1,5.40057827750178,5.06211554206839,12.3277394509867,1
"233",1,5.82844709266823,6.50660085052133,12.2214354615237,1
"234",1,4.63826562484433,5.81961479522342,11.2983652662228,1
"235",1,5.2648914473212,5.2475208656637,10.7155091070312,1
"236",1,5.06673446866901,8.64678312675178,9.83765092306068,1
"237",1,4.99779008949958,6.75137723871542,10.8843631024988,1
"238",1,4.79597465679017,6.82482094016522,9.95862090274232,1
"239",1,5.71737113297191,5.41319567947696,9.95103020393043,1
"240",1,5.56733845957904,6.84346278013145,10.1738749805963,1
"241",1,5.70278029271534,6.16046728173876,10.4158069020546,1
"242",1,4.82598291925976,5.6945973362867,8.29088410131224,1
"243",1,5.39298966029023,5.41753648243225,8.90693097652265,1
"244",1,5.31052821366248,6.16361110095123,11.195706058263,1
"245",1,4.61552403340119,6.05750079523853,9.34190348966523,1
"246",1,4.92274011787988,5.71782202167675,9.75300990876012,1
"247",1,5.40459150231874,4.95387645741909,10.1095862050694,1
"248",1,4.93552197530178,7.01934860485697,9.63207610380821,1
"249",1,5.35244076254268,5.23632939388436,11.1457819844867,1
"250",1,4.95835359368992,6.2290477531695,10.6396598909251,1
"251",1,5.97802414597972,7.55659034133831,9.59563374613782,1
"252",1,4.69083405347211,5.33007162822779,9.94705768598241,1
"253",1,4.70391437199607,7.52071042119705,9.59900233917548,1
"254",1,5.2966840949636,5.28324316135093,10.2034507640563,1
"255",1,4.59354867703844,6.96181080562055,9.46581699311239,1
"256",1,5.26419417636378,5.84811256706329,10.5530857914593,1
"257",1,4.90565306970412,5.62384142110011,8.46949693338328,1
"258",1,4.73418896790249,6.03653868938945,9.05668367186118,1
"259",1,5.84897434942918,5.41505128501026,10.829134745996,1
"260",1,4.38550222859437,7.09704857449248,8.72483844804097,1
"261",1,5.84839555192005,6.93450280732371,12.0251557025465,1
"262",1,5.484167129959,6.45822897752505,9.33763815541547,1
"263",1,5.4295343828903,6.67419333911076,11.9187919031277,1
"264",1,5.21450942025081,6.79326785843561,10.066149773732,1
"265",1,5.41617304529551,6.92901035954506,9.9547644316206,1
"266",1,6.31293993897309,5.62700049976487,9.40244799533867,1
"267",1,4.95296138955366,7.64858883881746,11.3503495781997,1
"268",1,4.20656419696365,7.16522665231657,10.8564654724703,1
"269",1,4.82789749059323,6.08437144603862,11.6889533434198,1
"270",1,4.24662461853984,5.98769988225605,9.5412688193698,1
"271",1,5.17869152794856,6.35896363991013,10.239116130532,1
"272",1,4.67740282882611,4.10514116276093,9.33633357057726,1
"273",1,5.44095407689829,5.06371162520033,9.49312500732999,1
"274",1,4.54430903832897,7.21049974821413,10.0629718691123,1
"275",1,5.54413945833521,6.17208659636187,10.1639162994508,1
"276",1,4.76259841870416,7.07905419342856,9.31379603676568,1
"277",1,5.42032924904967,5.39223346277042,10.2170787327041,1
"278",1,4.63946786479679,6.02584900601092,7.91005805449672,1
"279",1,4.89808838481635,7.2637665270775,10.8456045853182,1
"280",1,5.50183144116486,4.68750126477689,12.2045487359068,1
"281",1,5.11832369096659,5.60136227670707,10.0989322642908,1
"282",1,4.74110216354129,5.20784770996536,10.0350674117045,1
"283",1,5.00745520280215,3.99404438328459,8.4858318737537,1
"284",1,4.29824131459485,5.93286674833113,11.1199484960469,1
"285",1,5.00528758984188,7.13078961520743,10.2338074571739,1
"286",1,4.69373472663467,6.79837291373545,9.67306635218903,1
"287",1,5.41865788913925,5.76827222938335,10.9467342180077,1
"288",1,5.64672441853011,6.11013408888144,11.0984397338036,1
"289",1,5.56399097165872,5.50510277772226,11.3414353806562,1
"290",1,4.83103020656729,6.32450509545472,7.97271215809694,1
"291",1,5.32858257549349,6.14921094281889,9.01295208724711,1
"292",1,4.43762132816832,5.15744182342,9.61914950812973,1
"293",1,5.80549408416785,7.17396310158896,10.2730433674484,1
"294",1,4.85461700410093,5.3667904919964,10.519536593117,1
"295",1,4.96039255435831,7.53566004965384,9.14324363932957,1
"296",1,4.59639337094834,5.78894417644967,11.9375261478856,1
"297",1,4.43436232251437,6.2430057349656,9.39903478282739,1
"298",1,4.30841029166256,7.37885794497848,10.6343398756155,1
"299",1,5.37103369971922,3.91053900667238,8.93151763287323,1
"300",1,4.65717936040449,5.87758954183805,9.56851088433574,1
"301",1,5.71406285902029,5.84616004948951,8.43860166493258,1
"302",1,5.36681959213013,8.14339148732835,10.2408723746002,1
"303",1,5.35086465581776,7.02169831722936,9.92799373226731,1
"304",1,5.06535024105443,4.94098417743824,8.86979216628559,1
"305",1,5.20975735092631,5.91889367735838,10.1679734736344,1
"306",1,5.22870423565201,4.90447743489434,8.36472705147181,1
"307",1,5.80208192985856,6.89717981729035,9.89518220855812,1
"308",1,5.15399925386105,5.07834820357427,10.9314603447339,1
"309",1,5.70999027439066,5.41672563786996,9.50376547689472,1
"310",1,4.07953457986509,5.47158809558518,10.1656263057084,1
"311",1,5.88510498251783,7.65515632816405,6.78448241336456,1
"312",1,4.90073891810739,6.03168287325439,9.80037564551039,1
"313",1,4.45894573837541,5.51370742751898,10.2315200898746,1
"314",1,4.75675709158406,6.30616796334696,11.4843427231269,1
"315",1,4.94153974179705,6.90379045193393,11.1810428333118,1
"316",1,4.61959407067283,7.034176519105,9.54080051644201,1
"317",1,5.87850162411523,5.35384121971835,10.3585195374817,1
"318",1,4.07121252192449,5.15606447075026,8.74891223808941,1
"319",1,4.36353588067548,6.39314379637712,10.3192501068638,1
"320",1,4.74060774466763,5.81945461155857,10.7718858880458,1
"321",1,4.22391020932802,6.42345134679363,9.42103438048188,1
"322",1,5.33002805865595,7.75595136794145,9.67246048262554,1
"323",1,5.86105310838678,6.78796865030618,8.14029968413202,1
"324",1,5.33219019174306,6.87077247779826,9.98425107305164,1
"325",1,4.75045521059904,5.45508142116818,7.77582666901706,1
"326",1,5.13182328668198,6.2138894774517,9.58515800806025,1
"327",1,4.95333356445852,6.01299107235405,9.64319730585403,1
"328",1,5.25750290123755,4.68902760924922,9.75241687129735,1
"329",1,4.74061329410954,6.07047098516122,10.6298896066528,1
"330",1,4.80915611608519,5.51448577485473,10.0930443522401,1
"331",1,5.34496256481907,4.06198841175141,10.1544300491322,1
"332",1,5.50298054835211,5.97464429706841,7.98545993823612,1
"333",1,5.40819527200203,6.84545793687746,10.5520886424332,1
"334",1,4.78237670729492,5.97633996949863,11.0633874458417,1
"335",1,5.06206220039337,5.55971797158321,10.2553997915004,1
"336",1,4.84168324784434,5.76180205361607,8.20610676427408,1
"337",1,4.93457903626908,6.17173236284601,9.82239470873163,1
"338",1,4.87552037317198,5.24067694025313,10.6872623574158,1
"339",1,4.55532885045176,6.62954406633883,8.98838999402103,1
"340",1,4.91750397319762,5.6346518295435,10.4901691756976,1
"341",1,4.89640808320069,7.28637024301548,11.0624380896026,1
"342",1,4.81844778040708,4.06244193379454,9.39168486401467,1
"343",1,5.27360705847079,8.06736313307368,7.86587105330628,1
"344",1,4.29902714739121,6.15363124537539,11.7316578276819,1
"345",1,5.40217555418451,6.08691558436578,9.19448622217086,1
"346",1,4.65674169659423,5.45595387422325,10.3149629931185,1
"347",1,5.64150782608039,5.72732199593345,8.85154357409395,1
"348",1,5.10002700779754,6.96614171745125,8.27364614237073,1
"349",1,5.42575021623644,6.78657193005729,10.6790740293504,1
"350",1,4.11062463615942,5.35646683802721,10.2150165341956,1
"351",1,4.57552077552948,5.23114737521191,10.6494454826223,1
"352",1,5.18831507253705,4.19829269302174,11.3990869153428,1
"353",1,5.07759846075737,4.69839163571661,8.87062123836623,1
"354",1,6.3474450774243,7.85454253908843,9.84897344793531,1
"355",1,4.8224503125515,5.87970171987176,9.24008740832817,1
"356",1,4.66497015390391,6.39846762864346,9.17686670555266,1
"357",1,4.06991605217966,5.37688886045831,9.68105784789262,1
"358",1,5.49752721938431,4.56458726774464,10.0491734925244,1
"359",1,3.84905960460316,5.7072315153343,9.94030414082088,1
"360",1,5.43940309085139,5.64479827234022,9.34909951036842,1
"361",1,5.03686914318396,5.6865760766608,9.41285279785546,1
"362",1,5.44349382040919,4.8944510210255,10.1440867222008,1
"363",1,4.33975541791258,4.59206048155145,11.1929903869604,1
"364",1,4.8502275027762,5.92190167008332,10.1997574078603,1
"365",1,5.00476084396529,4.48882967851873,12.3602573728519,1
"366",1,4.21257126646528,7.43842261675027,10.7150547139912,1
"367",1,5.74651840648412,7.25746737734434,11.5080025252337,1
"368",1,6.16067207704972,6.19733091511074,10.3501118682316,1
"369",1,4.91076837223598,5.5464969563576,10.7646080615752,1
"370",1,5.61501419156451,6.77599536033804,9.49158417071924,1
"371",1,5.52502549835692,5.71117111752161,10.6309026242035,1
"372",1,4.41672571469934,5.88843936676696,9.79210013446236,1
"373",1,4.03662517303299,3.94589062793129,7.42745011993877,1
"374",1,4.47415135406561,7.46723208275359,10.3704344577561,1
"375",1,5.18338445388828,6.65951051972527,9.8280541096847,1
"376",1,4.50027229606271,5.86626364551066,9.51716826326455,1
"377",1,4.5623662278437,6.36048265748183,10.1629299654018,1
"378",1,4.40206202374484,7.71579987362147,10.5510600835008,1
"379",1,4.32793694551557,5.77222431798192,9.38055778296226,1
"380",1,5.3927556915031,5.9740532872175,9.94163803052525,1
"381",1,5.64905449462433,3.69216031408261,10.6110459916032,1
"382",1,5.26124538758789,4.44056294967856,10.8452943679103,1
"383",1,4.70391767830307,4.95685515632458,10.2976866255082,1
"384",1,5.09978764223358,6.13069413084888,11.2562680465479,1
"385",1,4.98938615442086,7.00897668539163,10.4149835807102,1
"386",1,5.0784161601823,4.51773963082962,11.2986387239425,1
"387",1,4.82315986647447,6.48839646099388,9.25258695923386,1
"388",1,5.07182243375212,7.24851540779911,10.6207655934644,1
"389",1,5.14259908237289,7.19344785603917,7.34540785650314,1
"390",1,4.86280892804524,6.83027479982833,10.0971315086647,1
"391",1,4.98907738333643,5.41975828218634,9.55451701166843,1
"392",1,4.35795764744646,6.02593801660225,7.3075016093361,1
"393",1,5.35977714142557,6.69419161728836,9.95279787269134,1
"394",1,5.15104655779873,4.77933810391361,9.96530714562691,1
"395",1,5.24996892116486,4.38947422318603,10.4230497330944,1
"396",1,4.89532772134251,5.34749929215251,10.4039067315797,1
"397",1,5.74767907297933,5.40071680436454,9.78149758106633,1
"398",1,4.16845640216211,6.69005790767912,10.6046539558265,1
"399",1,5.7481226479872,7.16333598914022,10.5247375566662,1
"400",1,4.17464178240626,5.21493953034406,9.53292242834995,1
"401",1,5.37151863426516,7.7758535422428,7.87244748175824,1
"402",1,5.18983438231412,7.18626229583245,9.23275167562181,1
"403",1,5.01422988845107,6.20928434744341,9.80731042490142,1
"404",1,5.0985266931292,6.16921409968841,10.8785911026425,1
"405",1,5.09523392162634,5.92192837286358,11.014373725842,1
"406",1,4.92283397028319,5.59401191851766,9.18058890152814,1
"407",1,5.74187450139698,5.96990120437808,10.1825964968474,1
"408",1,4.78329634797198,6.14023885532242,9.82532475903119,1
"409",1,5.54304363324213,4.81528962262118,10.456556854683,1
"410",1,4.53079316979733,5.12567215402941,10.0452115983929,1
"411",1,5.86019748395999,4.24787567946766,10.2357010447948,1
"412",1,4.60988378284183,6.31678363015594,11.2488899504519,1
"413",1,5.08807604888655,6.33593803954413,10.7540777212108,1
"414",1,4.70503673699164,6.85827866879575,9.59987991601284,1
"415",1,3.90550147623721,4.13726539511123,9.07307384851569,1
"416",1,4.66751682839248,5.66114539558789,9.59263737084643,1
"417",1,5.41929455019457,5.68855901007104,10.0225892906386,1
"418",1,4.28705841047234,3.97946724521326,9.81378715923086,1
"419",1,4.66831172956005,5.48034997495155,7.44610784943189,1
"420",1,5.10359585787089,8.24119174576729,8.92285862601357,1
"421",1,5.21419390248421,5.76589479067349,10.4831555434144,1
"422",1,5.62444231320447,6.12644069031512,10.7881601727597,1
"423",1,4.98586215558922,7.39762895453377,8.80587938097964,1
"424",1,4.50499420565393,5.95061633123679,10.2387408553331,1
"425",1,4.79833788552471,6.80052672026733,9.51128326345148,1
"426",1,4.67749094012215,5.19039088807792,11.3806461988451,1
"427",1,4.58217897381875,7.1563528969411,9.22439092612417,1
"428",1,4.65255068835141,5.91092534714949,11.0850225076621,1
"429",1,5.28650274131195,5.56967955230375,9.21483743161207,1
"430",1,4.68316274358572,5.23686429458401,10.5523175719802,1
"431",1,4.50366415463032,5.35445347086285,10.4917110044506,1
"432",1,5.10035574581286,6.91482037072334,10.3718253694288,1
"433",1,5.20543061459733,4.16841410767607,11.0101457407404,1
"434",1,5.10503143024502,3.64298821688211,10.2347447078528,1
"435",1,5.15789261122574,7.19165428868247,11.9882988422859,1
"436",1,4.82578984270538,6.6013515419779,11.5771363996005,1
"437",1,5.7110634925481,5.19838693935825,10.6179670010222,1
"438",1,5.07642190637069,6.48150485074017,9.63843160983449,1
"439",1,4.54705931961232,6.62728103988937,11.2460586241936,1
"440",1,4.67829531721483,5.09082260615629,10.1887575302328,1
"441",1,4.97938335892351,5.76501575085559,9.99141319930748,1
"442",1,5.69227174159051,4.30769521376791,9.48144237132499,1
"443",1,4.62888856210146,3.3812439716155,10.4384275598797,1
"444",1,5.93108720753454,6.80452286257759,11.3485249877292,1
"445",1,4.47482080494257,5.82608860874495,10.6491630814721,1
"446",1,5.21777995059916,6.3891343394335,10.3864534415578,1
"447",1,5.76331765904493,4.37840382725797,9.53518878097483,1
"448",1,4.21894869067102,6.78050576725316,10.1405524581619,1
"449",1,4.33229711492464,5.64483139047022,10.3914044393912,1
"450",1,5.97159840592749,7.48636925924755,8.88198637544182,1
"451",1,5.28193162027373,5.87303816185832,10.4919674987744,1
"452",1,4.58548738707617,5.5123900801207,9.20753458519274,1
"453",1,5.93578779161416,6.00581178285497,9.08573198330959,1
"454",1,4.81099250361053,5.9050005293544,8.06611731158316,1
"455",1,5.53086821952387,6.0745112416708,8.63286636530141,1
"456",1,4.12307208845315,5.70471415862299,10.7038551758532,1
"457",1,5.69050299250971,7.10665658352719,9.28127472148169,1
"458",1,5.19465732089751,7.43674178047035,9.02121415759222,1
"459",1,4.01916419299027,5.81175007344882,10.2140295145034,1
"460",1,5.4345804761512,7.34405171963189,9.38840826099611,1
"461",1,6.46679335672215,4.55866443798522,9.93685602022019,1
"462",1,5.49361199692505,7.40282320244416,11.2141606392434,1
"463",1,5.86409262937252,6.38604989657788,10.473450934171,1
"464",1,4.9669296129226,4.2368799421826,11.1626841765852,1
"465",1,4.58302819530938,5.2021660654022,9.13382985139461,1
"466",1,5.11746884890184,7.70716980752224,10.4581808721355,1
"467",1,5.67719796315444,5.41497435226848,12.2432957175543,1
"468",1,5.47974394501179,5.62709851082997,9.90910952567565,1
"469",1,5.0204457664251,6.86101223993085,10.051725246139,1
"470",1,4.86855051769607,6.28141374873882,8.74515944836358,1
"471",1,6.00953741404877,5.31599016192088,10.6190225704393,1
"472",1,4.73678740406461,5.06522651110619,10.1526577584992,1
"473",1,5.09128125389946,6.58577860458698,9.56769105052391,1
"474",1,3.83408929569309,6.93587299105133,9.67591974675668,1
"475",1,4.31369523011365,5.68740466319558,8.87932730137775,1
"476",1,5.22752857047284,6.77027771515999,8.31062607915047,1
"477",1,4.88862055639294,5.78122527486932,9.89972654411303,1
"478",1,4.27389406819277,7.19348491845331,10.9120577161177,1
"479",1,5.43323562792833,6.71913035851326,10.7383681860734,1
"480",1,5.89325832266636,5.11356711200284,10.8652675951569,1
"481",1,4.97337753255547,6.27761995723888,10.2669593938988,1
"482",1,3.47749774173156,5.36333224858698,10.3079997873475,1
"483",1,5.30769343953149,5.89979805882867,12.1585218414548,1
"484",1,3.99304507567331,7.55524655588908,10.6470476695574,1
"485",1,5.1371751577715,6.18160173502447,9.89663114354851,1
"486",1,5.59390473075095,5.86451901316478,12.4439748962867,1
"487",1,4.99006581029308,6.10954039457411,7.977608397168,1
"488",1,4.08389460618683,6.78372397415748,9.37236219333882,1
"489",1,5.39274934823635,5.80028938070791,11.799485438983,1
"490",1,5.2953698175573,6.70072596604981,8.62977463877813,1
"491",1,5.22238180341435,4.31801452980239,10.3108639843517,1
"492",1,4.62629182977099,5.34710262967099,9.34185036475427,1
"493",1,4.14448578124562,5.31577578605148,7.24633855815995,1
"494",1,4.96313847766669,6.52503297569212,10.4227054360366,1
"495",1,4.66348305712287,7.12122346814572,9.29363427979676,1
"496",1,4.64722986681633,6.00491446818482,9.10934252265939,1
"497",1,5.6336861400228,7.557723947146,10.3447940660332,1
"498",1,4.85820809769675,6.56264357799557,10.1158235937962,1
"499",1,4.94975324736259,5.83847475422614,9.62982643348817,1
"500",1,5.32730952284466,7.02647320132779,11.7311730470723,1
"501",1,1.99394364898689,0.54047787628473,3.06423922175341,0
"502",1,2.60611231446252,0.0984152343707863,4.44525570226071,0
"503",1,0.264033542379114,1.31368158917805,5.14774859403362,0
"504",1,1.13261521847807,1.97108561430071,5.21439304211414,0
"505",1,2.00835067829964,2.22914389092666,5.63304269302033,0
"506",1,3.08281508435315,2.530944452321,4.62555287248213,0
"507",1,1.4124321444311,4.00108046257946,5.05156312782499,0
"508",1,2.86378685162784,3.38554068657945,4.36076937473558,0
"509",1,2.09848596652325,5.13253246009962,2.00022072663649,0
"510",1,3.83456962073227,1.62411721939885,5.44377872754057,0
"511",1,1.68515428760175,1.86191902115635,5.37533042433613,0
"512",1,2.17285856028106,1.17075060563242,5.11443061035719,0
"513",1,0.05703197676227,2.42285091397899,5.05382751550769,0
"514",1,2.386042208513,0.695412298273549,5.44644965870497,0
"515",1,1.12464678526543,2.00539879657023,5.99344024937274,0
"516",1,3.59439927121287,3.1236725861779,5.81061542056909,0
"517",1,1.61909058639005,2.57456311643343,7.40785919347864,0
"518",1,0.367961061038072,0.751102517010314,6.11130842663149,0
"519",1,-0.0379612158650193,2.63021490462218,3.76479891687009,0
"520",1,1.99648671621438,0.91439173909396,3.28329519442392,0
"521",1,2.40712199995701,2.06642779135606,4.68786574035275,0
"522",1,2.40152699647474,2.66283593773292,6.43144011130005,0
"523",1,2.34208642191288,2.88614833981161,5.77705416864961,0
"524",1,1.60587967581698,1.59024976585116,4.8664250721818,0
"525",1,2.19662141024027,3.86258514294573,5.81666681238113,0
"526",1,0.850672887025476,2.19120835402941,5.46214468608884,0
"527",1,0.653721197293567,0.750722384452069,5.3513562855041,0
"528",1,1.97047963863376,1.70658567253884,4.55059631902423,0
"529",1,3.03208255880137,2.26586159178196,4.24710697500626,0
"530",1,2.71260148483922,1.43143844317799,4.84120231867727,0
"531",1,2.86921516624072,1.39945496969626,3.3831878589514,0
"532",1,1.90169156399902,0.527834514882828,2.94057760272089,0
"533",1,1.13329619679809,0.897206757413083,3.1144611576706,0
"534",1,3.12965466501973,3.0134272425188,2.72437456058071,0
"535",1,2.11213696375511,3.19885977074097,3.66926670678713,0
"536",1,1.00910651818828,2.4050015836415,4.20012993056037,0
"537",1,2.75593043025461,2.05968030778328,5.18161712075364,0
"538",1,4.15113918774156,4.89488106163441,3.24650296372603,0
"539",1,0.0391492969642044,1.22204515817374,4.90234455924824,0
"540",1,3.43554262494179,1.75886489970364,5.63818631018914,0
"541",1,2.23130254730365,1.74780088231767,4.26663946477348,0
"542",1,-0.670889049497948,1.84792498819087,4.18578283747288,0
"543",1,2.61259090371966,0.831948449145858,3.90074463352154,0
"544",1,0.745007164850166,0.881027143643898,5.30471246804799,0
"545",1,3.44738165272786,2.73967868176861,5.13280678105336,0
"546",1,2.16678490260214,1.41481520867977,4.83595920166824,0
"547",1,0.262568559656035,1.34461916567336,3.68345962396722,0
"548",1,0.588738195107223,1.72476197844831,5.36444618186016,0
"549",1,1.64496530912371,2.78098296571608,5.36103600417869,0
"550",1,3.40452274632993,1.8616782188227,4.58349442592476,0
"551",1,0.771778857127178,1.60376737927896,4.11017451780088,0
"552",1,2.39396065173878,1.71414377880427,5.50712560425576,0
"553",1,0.303482784363276,2.02162122225969,4.6863226057064,0
"554",1,3.10382928485743,0.973512726142362,3.79439546047914,0
"555",1,3.55383770547187,2.28865254992726,5.46045852193443,0
"556",1,2.14808103677319,1.24211641793734,4.07539333400366,0
"557",1,0.75083956035602,0.53717078171826,5.16585638222063,0
"558",1,2.46987142805596,2.57916129990453,4.9295541123964,0
"559",1,2.06227193539847,2.32034160319927,4.94954637365433,0
"560",1,4.20739148218692,2.42969933940761,5.03631984405622,0
"561",1,1.46513421237203,2.23468116295451,7.1771019072467,0
"562",1,3.81737706646005,2.58049243052309,5.77786100669879,0
"563",1,2.42531995164792,2.77881123398054,4.7744328210272,0
"564",1,0.469352353316107,2.38567042355412,5.69198655187933,0
"565",1,1.65017189763343,2.57475961554275,6.72891754719092,0
"566",1,2.71551286636142,4.70697462111765,4.87954361506007,0
"567",1,1.45601239066883,2.52192434884001,4.4473850625559,0
"568",1,0.955577925514394,2.06833032489866,3.95930284059218,0
"569",1,2.22578337380473,0.870838585096112,5.42706062693554,0
"570",1,2.39532124727598,1.97104651758068,4.76246546623833,0
"571",1,2.88221109092985,2.68817848773064,6.79537267469771,0
"572",1,2.70374312518422,0.857551316880593,5.21565992280837,0
"573",1,2.03468523104072,4.06214085158312,4.58981289426693,0
"574",1,2.14455261945134,1.29445741056184,5.5360430411446,0
"575",1,0.972745128379322,4.28562212320187,3.95772024711941,0
"576",1,1.17598334446867,3.50465048923806,6.12613231174038,0
"577",1,2.41852651810823,1.8815985614284,5.25000132163378,0
"578",1,2.2395559157243,0.675284083377708,4.01190092321687,0
"579",1,2.8867219109469,1.56511089080654,2.89906167479807,0
"580",1,2.32582515475544,0.778544087017659,5.29028427539522,0
"581",1,0.779053617402728,4.34444622655053,4.23074561618328,0
"582",1,1.68803394683989,0.664337754667623,4.60834907896666,0
"583",1,1.36434057630322,1.33893357555409,4.41708116756672,0
"584",1,1.15805373831959,2.38396770589433,5.58456713129885,0
"585",1,3.03978001689428,2.10801260555594,5.2064036452176,0
"586",1,2.89654108519252,3.30864864962562,5.02483613304505,0
"587",1,2.26451594437367,1.7405939682312,5.27667395226783,0
"588",1,1.94885643096686,2.60375903134116,5.08425044094738,0
"589",1,2.25609845086906,2.52138197736645,3.90060637710283,0
"590",1,1.98790268008956,2.24918632059996,4.42220872953796,0
"591",1,0.579606115388898,3.17254373292815,4.76156588619169,0
"592",1,0.138373112334886,2.21555123885397,5.56696974531666,0
"593",1,0.336632729401963,2.72444742084289,5.76274696051282,0
"594",1,2.72319164605453,2.94154421322966,5.26115684909971,0
"595",1,3.36733708195146,3.0404917818975,5.17076283793631,0
"596",1,0.692173137060436,0.539482591471645,6.85377608354928,0
"597",1,2.22390038421381,1.43196842214824,6.45034578762955,0
"598",1,1.56616998001291,0.995789126681881,5.06391437503776,0
"599",1,2.26173688899653,1.83063683617407,3.79619464577304,0
"600",1,3.39286310405722,1.32493748329712,5.13258347324798,0
"601",1,2.53504787486508,1.69621083512619,4.89243494784037,0
"602",1,1.7207779981707,1.24317827317415,4.70234258214839,0
"603",1,0.502720441362846,1.10017632728712,5.59467219062579,0
"604",1,2.37556976282237,2.05615762939333,4.57807868598412,0
"605",1,1.5159896506383,1.32979049323051,4.86982450894537,0
"606",1,0.570639477962784,2.21956508537947,4.96142626984366,0
"607",1,2.3669717241178,1.61118581514051,3.38843051092836,0
"608",1,1.67298052707639,1.98201687236291,6.17033785290022,0
"609",1,2.04723086653888,2.87044032818274,5.50399305834556,0
"610",1,3.70721740410588,2.19402588055951,6.46738297343753,0
"611",1,2.62821295548151,2.4190599661784,8.01441603588253,0
"612",1,4.25395465564488,1.55802913128983,4.35167924867976,0
"613",1,0.253789442332162,3.38699854235329,5.507068619595,0
"614",1,1.33478620822339,2.42091495410084,3.56562485674226,0
"615",1,1.22322484606552,0.578912211277449,7.07343984830551,0
"616",1,2.31017637105705,2.87593386161502,5.45872390228617,0
"617",1,1.5540811658418,0.81379689636508,5.42734248279484,0
"618",1,2.1380696550723,1.56494294827566,5.66983366291117,0
"619",1,1.26068505803167,1.84765848609182,6.46070204432879,0
"620",1,2.75514522285156,1.68420306706004,8.11974119872897,0
"621",1,3.1161075319401,3.22766563040993,4.75152567064192,0
"622",1,3.23680745329775,1.36708469779909,6.15215045165252,0
"623",1,2.29304906514375,1.34286346034511,6.91866926821152,0
"624",1,0.432650102671968,0.991772184067914,3.84389987302742,0
"625",1,0.286209644292111,0.113635806941304,2.64883977764063,0
"626",1,4.34922312855985,1.56329567294254,3.55700609447193,0
"627",1,1.75547017398334,1.83456000887454,4.6705871704538,0
"628",1,2.20312790956198,2.72146919301845,4.27481360937469,0
"629",1,1.04876862700503,0.169874642357507,6.1108955151915,0
"630",1,1.43772635521845,1.34176092723492,4.642481893256,0
"631",1,4.12677195568283,2.10989657100199,6.15323065837442,0
"632",1,0.736330289893909,1.49519650329252,4.05245768377563,0
"633",1,1.69793327211203,0.367048823826784,3.40858931885262,0
"634",1,3.03238425367337,1.53993717538094,5.72325729086381,0
"635",1,-0.583976554447204,2.64188738063341,7.09788909150613,0
"636",1,3.79552257431053,1.24422942396757,4.91329745370722,0
"637",1,0.517205208864411,1.81066113229201,5.58113728296109,0
"638",1,3.0394946160076,2.04630691786091,5.54598151645977,0
"639",1,1.95936285077345,0.852791021094408,4.0755197355888,0
"640",1,0.505315553195596,2.17394243920425,4.16127601808454,0
"641",1,1.21758678973964,2.85758049405594,6.77627423810421,0
"642",1,1.95420561056256,3.51522232144756,5.64811288561222,0
"643",1,1.53594633690794,1.17491318079304,4.2080443663458,0
"644",1,1.76944959159735,2.15349872668249,4.50195999114558,0
"645",1,3.27998492567133,1.29289707913755,4.82105131056841,0
"646",1,1.85420665155403,1.79533282501047,3.45533806772687,0
"647",1,2.31958885405815,0.548705409804416,5.47967056446033,0
"648",1,1.3434088047522,1.30581282066437,4.9825766906783,0
"649",1,1.68465697985202,3.27712325379153,4.91265702913063,0
"650",1,1.65558129790048,0.716191531276214,5.4956521334801,0
"651",1,1.24664339331985,1.75724891136914,4.35263884963232,0
"652",1,3.42507161238849,1.98193400992281,4.26416937579538,0
"653",1,2.16383735334055,1.67438683065331,4.47200374855427,0
"654",1,1.7016939552875,2.33488190781457,7.29487382939176,0
"655",1,4.09876172936921,3.41297782414954,4.3400588333927,0
"656",1,2.59515731311466,0.998751148204605,3.81309901015955,0
"657",1,2.06830466738378,2.51090036903902,3.95697568315386,0
"658",1,2.1279971350814,2.79152773002086,5.24837677592194,0
"659",1,1.13941795429164,2.57197407002638,4.68714787439061,0
"660",1,2.65503248531893,2.7100534400571,4.61755402331947,0
"661",1,1.8574322238803,3.65176855458003,3.89761520085976,0
"662",1,2.27597339037318,2.11789255914678,6.26151859251164,0
"663",1,2.08107919291488,2.64129731233083,5.33190486343028,0
"664",1,0.0367970577529859,1.86650592637423,7.13065800068797,0
"665",1,4.42990882684212,1.45200759485556,5.22891784120118,0
"666",1,1.89796642059663,2.31782247926871,4.10879702685412,0
"667",1,0.482209792485564,1.92167852717569,6.3860623580786,0
"668",1,2.56787119749885,2.64191928170339,4.33003454917339,0
"669",1,1.48117399446261,3.32260574280502,4.55982488969143,0
"670",1,1.86684208129858,1.84701057786935,3.80001129433704,0
"671",1,0.978555017249805,0.988223333434737,4.49426832289124,0
"672",1,1.99160297929626,2.39003660157988,4.75206855213721,0
"673",1,1.48619284411146,1.2128452660419,5.6117631129659,0
"674",1,2.35762936117847,1.70663119380525,6.28569663124446,0
"675",1,2.54347244493331,0.335502328369154,4.61861766668808,0
"676",1,3.40049094426652,-0.28621392791873,4.52676971036768,0
"677",1,3.76312353763863,3.64054765678439,3.04333112558519,0
"678",1,2.11447463788215,2.17578559341453,5.14201405356354,0
"679",1,2.42365159389446,1.67046611748477,4.04149391316106,0
"680",1,2.47171711684791,1.65348124824824,7.34772910991718,0
"681",1,0.907048380124746,-0.290544751271403,3.86049783053181,0
"682",1,1.63565836717744,3.81990802364984,4.14528022533812,0
"683",1,2.33287567399517,0.991587384410622,6.15620487540452,0
"684",1,1.32896725567115,2.69655009855939,6.57441077434664,0
"685",1,2.33166872018689,1.48431200103489,5.27380812307344,0
"686",1,1.26230017665535,3.17895911890596,5.7360175713078,0
"687",1,2.41095975244616,2.79385534698712,5.53972245792884,0
"688",1,2.06955507221337,2.57432998955202,3.83565268905168,0
"689",1,0.239936626959093,2.9391719508271,5.22430416223272,0
"690",1,-0.149559290059174,1.50593472573011,5.91672456732185,0
"691",1,1.79436819229384,3.51472477053634,4.62364511734725,0
"692",1,-0.0496185029459375,2.89007918735844,6.93284304623314,0
"693",1,-0.736161608020011,0.219926731672312,4.63768443328241,0
"694",1,0.374260228576517,1.32391261246504,4.8338362523361,0
"695",1,2.34170687507168,3.06585444923193,4.2803589443626,0
"696",1,0.605868477838749,2.23240153403216,5.02675366925404,0
"697",1,1.39187188264433,0.701915236164555,4.07356698883759,0
"698",1,3.26371551076171,2.52450612385964,5.33795757496937,0
"699",1,1.51043577166796,3.17265243502489,2.53114861999229,0
"700",1,2.78805150319616,0.411678245555156,6.04494068896164,0
"701",1,2.2282033765252,1.30006324639085,4.19981963283052,0
"702",1,0.4524584112456,1.36757078788153,8.47541880745812,0
"703",1,1.31091248014343,-0.784111396358412,4.03356932491635,0
"704",1,0.0112978386329512,3.19364902758435,4.97957201675693,0
"705",1,2.96734261618171,2.03160515389693,3.33537713320839,0
"706",1,1.93170469027162,-0.434700976389326,4.76600251856113,0
"707",1,1.67396276289361,1.04057664046749,6.46151061406789,0
"708",1,1.8984922933623,2.99487561997135,2.86102672065753,0
"709",1,2.00166939399781,1.67592462827069,4.19758721488865,0
"710",1,1.28992142647825,2.53273232440878,5.11286664989334,0
"711",1,2.99690294646588,2.85155295947865,5.89692503540201,0
"712",1,0.731889968094863,-0.807631515961991,3.85493543244812,0
"713",1,3.37758429167894,4.17161941845583,4.11779221209194,0
"714",1,2.67182375233913,1.18529979636037,4.70884250012654,0
"715",1,2.39537405678849,2.51180938531533,4.01671516579967,0
"716",1,1.38442795464745,3.50068783862253,5.53782156401182,0
"717",1,-0.333370358016242,0.563021471610708,6.91734078411457,0
"718",1,2.65798986482667,2.67267714180864,5.93647968176148,0
"719",1,0.58282442472053,2.9566176541219,7.01532091832552,0
"720",1,3.54350610566977,1.37394252007494,6.0194513450696,0
"721",1,1.46617263545662,0.948422182407702,5.47697968257406,0
"722",1,1.61529333548298,1.56421375949328,4.89690248676486,0
"723",1,0.179248916856722,1.79618800379986,3.64091530827553,0
"724",1,2.65368540096617,3.08914088123844,5.51521803975014,0
"725",1,1.98059357582919,1.61821508852171,4.48032762674547,0
"726",1,2.26522121864434,2.05591489003074,3.55063293778319,0
"727",1,2.80945966006109,0.488391055161065,3.64893900293054,0
"728",1,1.91133010484097,2.17711653612068,5.86170395792908,0
"729",1,2.33423280554775,-0.664382315592703,5.10279869552385,0
"730",1,2.01009326333139,3.05559858608489,3.61372699171472,0
"731",1,1.11434117204066,2.75109085737992,3.59266958038111,0
"732",1,0.119078328319163,2.55890183346315,3.86713671191855,0
"733",1,1.02571859477089,1.21982565743306,5.69560963191624,0
"734",1,1.46293033040272,1.2229401971391,5.79862508642728,0
"735",1,0.911459748646762,1.72872380986721,2.78638070110603,0
"736",1,3.21995537287788,3.10263322342348,6.98434483347814,0
"737",1,1.08502402867539,1.9777167596361,5.27732483813642,0
"738",1,1.7448327772369,0.92561355935931,5.55415508080122,0
"739",1,1.74731683523763,1.21308140620477,5.80522503792049,0
"740",1,2.99696317888861,3.02112295513255,4.66733614220115,0
"741",1,2.06591807666983,2.73090569803257,4.14970722962692,0
"742",1,2.10791132067363,1.40453614169989,3.62881264292406,0
"743",1,2.39951414283153,3.60263938798203,4.2651324594597,0
"744",1,3.79221708327178,1.77034497174941,4.11793458159087,0
"745",1,0.713580965912045,0.560629385107859,3.06772683308581,0
"746",1,2.05847996051448,3.22249058000507,5.36446001300027,0
"747",1,1.1250436031706,2.59601145312198,3.95895559864168,0
"748",1,1.32874312577271,0.554976940415281,5.35639518710163,0
"749",1,2.16409457226197,3.66612610101183,4.37964805236652,0
"750",1,1.83967553346147,3.15307850266813,5.61248564349694,0
"751",1,2.36349619243212,1.90247440473149,4.9519130639661,0
"752",1,2.31661067303362,2.45437462263471,5.04341140154884,0
"753",1,1.78660159323525,0.859828262106938,4.57144039458546,0
"754",1,1.09279964645971,2.10705546974282,2.90714579929018,0
"755",1,4.27045414938925,0.14050412331684,4.60476875573056,0
"756",1,1.70164664555292,4.47865459324539,4.06488443440461,0
"757",1,1.29851656228598,3.73710270300138,5.44056415398232,0
"758",1,-0.509871811154281,2.19838361157736,5.14852414403366,0
"759",1,3.18639897900317,3.43642450862203,4.32697338380477,0
"760",1,2.04431756512542,2.87851230230731,5.44851558885279,0
"761",1,0.583488597633646,3.28756557275236,4.28585516360102,0
"762",1,3.18053604133973,1.81878237865571,5.10148935296557,0
"763",1,2.36758088003543,2.68834510741334,4.37042825460573,0
"764",1,1.90238778544775,1.00944139104973,3.590919123495,0
"765",1,2.23382107559672,1.04685777169416,5.73619867031138,0
"766",1,1.96038446732366,1.27474490435458,4.86732059253402,0
"767",1,3.76696195395254,2.87914747577277,5.32859020322446,0
"768",1,0.254526726276732,2.36251126975668,2.31045542073604,0
"769",1,0.284400342149426,1.49640560234697,5.39163258035101,0
"770",1,0.971486197184246,1.93405704542613,4.84445524709355,0
"771",1,1.26969483049835,0.357438757550215,4.50132522622232,0
"772",1,3.18355414669882,1.98781943064813,5.39045218601462,0
"773",1,2.94902845132067,2.93486043331658,5.1371773368422,0
"774",1,2.94134807420348,2.6808257816385,5.45633075606746,0
"775",1,2.04870180239944,1.87910827598716,3.56143385609066,0
"776",1,3.55053973754413,0.794619181370474,5.60260403329734,0
"777",1,2.24542073466935,2.29599443280254,5.1215221162738,0
"778",1,0.941345785622507,2.43180612909441,5.29343945446619,0
"779",1,0.336869079644756,1.77487413152163,4.16519438375092,0
"780",1,2.50338349930713,-0.242665835009004,4.85647742925485,0
"781",1,2.81452002567056,2.619335003407,5.56710825006359,0
"782",1,0.303448331693192,1.40907428879702,5.06746542557039,0
"783",1,2.45239305783746,0.063515741115566,4.46656227731827,0
"784",1,0.531531910297565,2.27503062979763,4.35757866313078,0
"785",1,1.31950182680488,3.14578881646293,4.39309419342945,0
"786",1,1.40149582234723,1.39462679083484,6.04347182526794,0
"787",1,1.99753234391261,1.09548714948193,3.74324022364881,0
"788",1,1.14692795642122,2.78431554491671,6.07432696314222,0
"789",1,2.01206033207739,2.42109407965272,2.30561476760153,0
"790",1,2.98995646024159,1.1761538565383,5.73256986414167,0
"791",1,0.975495763156623,1.5382987469403,5.2998075840264,0
"792",1,2.13055644661835,1.93391058382508,5.96173924862739,0
"793",1,2.21433540091353,2.97397962685369,4.33993832663361,0
"794",1,-0.402498587325058,3.09195742021908,4.88024114113954,0
"795",1,2.71225988318304,3.12911542430604,4.56149649002294,0
"796",1,1.53588344548875,1.41991504112669,4.56946156695694,0
"797",1,1.19197351467544,1.2675060091131,4.8085268020785,0
"798",1,3.20714219582104,2.60048588081618,4.895730423727,0
"799",1,1.87935654983202,2.42676396754839,7.20841256254926,0
"800",1,1.97182491031592,0.816236164977449,5.89762480681188,0
"801",1,0.743881183178075,2.82206567069708,4.19450277704849,0
"802",1,3.4739560099664,1.44606105244131,5.6273945548886,0
"803",1,0.542910185225822,1.09227265692889,5.48122119172965,0
"804",1,0.179194460532166,2.77689914472486,5.47430956297755,0
"805",1,1.07604993272433,2.47104352491104,4.17974439032706,0
"806",1,3.09814157214504,1.44194964150449,5.5636653734833,0
"807",1,1.52142609838586,2.32500851694638,5.93611329104795,0
"808",1,0.277251899188125,0.486810086495088,4.59229588666272,0
"809",1,2.22077057911221,2.18683836982927,5.23468809488591,0
"810",1,2.95383698636536,3.20198899928015,3.92568728811241,0
"811",1,2.49456338702024,1.8249755985447,4.38544277202032,0
"812",1,1.80990324054312,1.04388741229375,4.99130701714888,0
"813",1,1.87843518746619,1.30717760004951,4.80511341720793,0
"814",1,2.35175764363504,1.51039649679876,3.81219267405301,0
"815",1,2.99480088704896,1.29881648259139,4.91920794421835,0
"816",1,0.00975814258743202,1.9399075072581,4.92715981011796,0
"817",1,1.79352175950166,1.90101636792812,4.41790440328404,0
"818",1,1.85787835100283,2.9575598782616,5.080450155968,0
"819",1,1.3282673936629,3.89879263645629,5.23907589909008,0
"820",1,2.61918888180617,1.77594164931288,4.97964582684339,0
"821",1,1.85720302472551,2.35061319552415,5.76589633844018,0
"822",1,1.5588333282531,1.29372268778331,3.87406252781147,0
"823",1,2.00188707312972,2.34399135293051,4.38395335143123,0
"824",1,1.80104912999207,3.97005332032922,6.26616163909214,0
"825",1,3.7067279273487,1.91930915084301,4.67996612664273,0
"826",1,2.46774691278474,2.2670691099212,4.67919824339231,0
"827",1,-0.117353404997133,3.61510770854224,4.16806190275499,0
"828",1,2.41978768409146,1.49361499732597,5.53103829528055,0
"829",1,0.759889137655563,-0.0882650171045762,5.19144857000446,0
"830",1,4.0571835567203,1.12675409621411,4.8865975734977,0
"831",1,1.88995357960992,2.19888438329548,3.54197272192875,0
"832",1,3.10702192635131,2.7339381390925,5.38195140744777,0
"833",1,0.725895366460264,0.782919353017392,7.09052108076865,0
"834",1,1.17969005310209,2.17914039372278,4.43931437720735,0
"835",1,2.19055932251928,2.05996209083002,5.91125708998262,0
"836",1,2.54152304789889,2.15488636501005,6.3286617012943,0
"837",1,2.98711773532918,1.66813423608796,4.43208558863143,0
"838",1,2.62383812288384,2.39409747397821,7.29917232508525,0
"839",1,2.21483595559434,3.11456546679464,4.37380700939326,0
"840",1,2.14818459106511,0.418979937523135,5.4840443907997,0
"841",1,2.70739223909453,1.99628530723367,5.00452323676287,0
"842",1,1.37508268926728,1.97878581123426,3.33153378393775,0
"843",1,1.03999576864974,1.72949113511583,5.81739810505517,0
"844",1,3.77651529773883,1.42577342698415,4.09459120225403,0
"845",1,1.55840359632019,2.38304957930698,4.61588976194733,0
"846",1,2.49374586909014,1.14717428052039,3.60537317722396,0
"847",1,4.74207072685515,2.41053491449271,6.60538818401185,0
"848",1,1.2924164713784,2.20183565126242,3.96978839211843,0
"849",1,1.88243182322733,2.49617339667155,3.56097243949005,0
"850",1,1.71735644395492,2.30038790143252,3.73457237419494,0
"851",1,2.3417795070457,2.21317257725664,3.91858653412225,0
"852",1,2.55311036284045,1.75189345446754,4.60653185155297,0
"853",1,2.93596917588409,3.05105410520983,5.29208623467616,0
"854",1,1.39051118903396,2.92441646472593,4.23281209706619,0
"855",1,4.74255285438507,2.01238526392809,4.60199292016914,0
"856",1,2.74855199340628,3.68926647638204,3.69211852087996,0
"857",1,1.29448256205624,3.89162787194982,5.01031942782338,0
"858",1,1.99018544965183,1.20171265052813,6.32239439638549,0
"859",1,0.162431388345193,2.88804503002623,4.21415502993746,0
"860",1,1.16015751650795,0.962712846821627,6.31333659140292,0
"861",1,1.62603632970805,3.00814151233364,6.48850662736059,0
"862",1,0.890231228270746,1.76790085341911,6.10809846079107,0
"863",1,2.71003633130043,2.20488152425172,5.58578029684545,0
"864",1,2.68312863186727,2.33783825500311,4.24986699335367,0
"865",1,3.22638005341034,4.59732210234221,5.7642418165022,0
"866",1,2.25999216841765,2.95174636818894,4.7859768823006,0
"867",1,3.00537810096171,1.05531117777697,5.19046632354792,0
"868",1,3.4515693682605,2.31520490353194,5.25482110181145,0
"869",1,1.93389865380623,1.7192309700317,4.9114436393969,0
"870",1,2.07020311305627,0.468324320240985,6.03676565034776,0
"871",1,2.26645877455218,2.60505892951426,6.53722335822915,0
"872",1,1.79466319527329,2.66566709580893,5.01287261936545,0
"873",1,2.18202150873151,1.13388969241405,5.21608713651187,0
"874",1,3.11776494490677,2.24604661567979,5.02836842027408,0
"875",1,2.50149238934929,0.279032323510068,3.82648550616477,0
"876",1,3.18837885252681,1.99386569626921,3.19432237310155,0
"877",1,2.67841209550175,1.09467251157989,4.67165144244471,0
"878",1,2.95933407824196,1.52236873358491,4.3721978634506,0
"879",1,1.335194923603,1.24460746834065,3.1356386523259,0
"880",1,4.10645838804599,4.14738842316883,6.16217647728561,0
"881",1,0.815620988804376,0.52523285303135,6.62362946684082,0
"882",1,3.6174536457942,3.36446932704927,3.35277053444347,0
"883",1,3.33609117879802,-0.00721022272941862,5.50849815459801,0
"884",1,1.22475363013187,2.40227820663326,5.97156188083499,0
"885",1,3.42907657683254,2.13700028532852,5.27646132511745,0
"886",1,1.37392623186622,0.722668577028116,5.79397015821065,0
"887",1,1.1232961918045,2.47716375538529,3.77381010740558,0
"888",1,1.02908794475924,0.47823887733447,4.1614711750592,0
"889",1,2.1309573068776,-0.234991847411931,4.62139741472377,0
"890",1,3.58019002923591,2.4802415201188,6.25499156477269,0
"891",1,2.35841396014088,2.49431655763855,5.63493383777706,0
"892",1,1.95143773334224,2.95733378589177,4.24426743339918,0
"893",1,0.373957261005575,0.274888710828814,4.96259663085539,0
"894",1,1.16826702771477,3.55045355491748,4.18123584383612,0
"895",1,2.77168448930444,3.14641214676818,4.06968859057772,0
"896",1,1.88419140844447,2.02623047606568,4.28039258646544,0
"897",1,1.07060826024773,2.54667984208962,6.71769131700217,0
"898",1,0.296055711312564,3.45466705376645,3.46831132807483,0
"899",1,3.34040794225841,1.74662881961727,3.54615174349183,0
"900",1,1.99944775646533,0.708859560095263,6.78986485172328,0
"901",1,2.01399528302629,0.535315683359624,3.96558829610187,0
"902",1,0.286944711438698,1.25677948790159,5.51898728366224,0
"903",1,0.989589979145687,1.98848631028276,5.16521827403162,0
"904",1,1.07516794911958,1.31547534457246,5.73628176559932,0
"905",1,2.10183372868407,2.87885625449911,6.0551998222436,0
"906",1,3.2580991992804,1.97952176158963,3.76920728138549,0
"907",1,1.44463697800056,1.8231065697037,6.00014113916025,0
"908",1,0.37435722597982,4.26086385352303,4.48080554094481,0
"909",1,3.20734485923485,1.90068297993205,3.68776796781291,0
"910",1,1.79489183458403,0.733982296767474,5.02638338767197,0
"911",1,1.79138249561641,2.79178608268307,5.01824840429394,0
"912",1,2.36625564090497,1.20208884481776,3.99503021171462,0
"913",1,2.04917180228086,0.953726795707052,5.26921944377946,0
"914",1,1.02480049057217,1.40656974436442,4.79627811933133,0
"915",1,3.60954810030987,0.51535725028158,4.05884163837429,0
"916",1,1.05364937651574,3.58423800274698,4.78297448429013,0
"917",1,3.02299397806414,1.20825363694615,4.70606130441683,0
"918",1,2.28217765125283,2.20081728401662,4.15056661515891,0
"919",1,1.48826162882034,1.41623389047483,3.45521524949231,0
"920",1,0.807315229090546,3.44858669055109,5.83717818799436,0
"921",1,2.39285760613091,1.81564304916423,3.84755817283881,0
"922",1,0.531303783858549,1.89545533700813,5.37891720789459,0
"923",1,3.73435276756838,1.12287187542388,5.22402414839445,0
"924",1,1.69050362834641,0.552536343926495,4.81535918266648,0
"925",1,3.47507106282058,2.09800648645896,6.0100110546556,0
"926",1,1.26403464383029,2.04312033378136,2.52079869176596,0
"927",1,1.74880427258975,3.54707465498442,4.74555025436009,0
"928",1,0.666420629270855,1.36592498897835,6.70379298504505,0
"929",1,2.04302585257458,3.94813482886933,3.61156227239544,0
"930",1,3.76504594510889,1.95797193473389,4.04423713755492,0
"931",1,1.31627020578066,1.62976531753346,4.87304526861736,0
"932",1,0.836158268892859,0.730108404092399,4.86336164459984,0
"933",1,2.32233768335029,2.00027774833051,5.20806163490995,0
"934",1,0.136016287221082,0.907614661919318,2.94168633306398,0
"935",1,2.61336344246367,3.75839522615966,6.33660147472966,0
"936",1,1.88123841886762,0.392139788167194,2.87763864146944,0
"937",1,1.7823056747815,3.55450615251172,6.6591754639154,0
"938",1,1.98728070177349,4.13291028805585,2.79266263212409,0
"939",1,2.66460329845311,2.28504400957928,6.58775394587323,0
"940",1,2.77136253909638,2.16373617308372,4.55138733397732,0
"941",1,2.68801008623367,1.87068143349987,6.35593636606125,0
"942",1,2.36283235883286,0.252278635125867,5.59341164616332,0
"943",1,3.15372923613711,2.50265964519217,4.85469015822365,0
"944",1,3.78098981711399,1.71700725824122,5.15427016869822,0
"945",1,0.547616206614947,3.24398618379203,4.32574886100385,0
"946",1,2.15428475483177,2.13362874577948,3.63129954344192,0
"947",1,1.59598630817791,1.27737950209183,5.21153906866248,0
"948",1,3.03242668922547,1.06859353149507,6.30712037202666,0
"949",1,3.31411242066098,2.98059660969691,5.10838317002888,0
"950",1,1.47981268385274,2.82652843810246,6.02093824308298,0
"951",1,-0.14807162670062,2.44480275519974,4.69933882379053,0
"952",1,3.37541487503474,2.45100323714048,5.10532927662649,0
"953",1,2.88174693348118,3.34060435732035,4.08667975907471,0
"954",1,1.91236712213452,1.47220227077283,4.24171300567102,0
"955",1,0.958066371982447,1.2630433825518,6.44462061834443,0
"956",1,1.75846742099246,0.0694380422760503,3.97852680815165,0
"957",1,0.356537720449413,2.81753569027402,3.35979720046338,0
"958",1,1.89688951324765,1.46009509391264,4.62104662643644,0
"959",1,4.0119355632081,2.99233460040358,4.35940130919191,0
"960",1,1.92219567135964,0.496594641652989,4.20784786899083,0
"961",1,1.91154995886625,1.86673219894812,5.30904536318982,0
"962",1,1.09065312754583,2.34112675219346,5.73454655944331,0
"963",1,2.13300586253669,0.956718162743474,4.05420249810817,0
"964",1,1.60809684766858,1.49807965856618,4.13064690794677,0
"965",1,2.19897874142758,2.37884251500608,6.49859571656397,0
"966",1,1.16915168153907,4.09450817380027,3.30230181666684,0
"967",1,0.537710309780627,1.07360404014152,5.92934087064191,0
"968",1,0.914331463196343,3.20518161177786,5.59626302306927,0
"969",1,0.357600756158043,-0.010348975994416,3.22749560136602,0
"970",1,2.88906792523654,2.47371088111779,4.43699144172155,0
"971",1,2.41404854615774,1.52560887445992,3.47273112586605,0
"972",1,2.8674337583805,2.55948990729504,4.20232972873458,0
"973",1,2.23435879707,2.02907910741742,6.35854199963209,0
"974",1,0.985951067822741,3.15199229087039,5.90393697951746,0
"975",1,1.37375397169367,2.68017022157244,4.77832926833853,0
"976",1,2.30345912606105,3.46589185317345,4.33896597394425,0
"977",1,2.68925045655308,2.92037298960688,3.38452591163111,0
"978",1,1.95055687994592,1.83338838665009,3.96548787219788,0
"979",1,3.99522458126941,2.55819117187607,5.98771539977435,0
"980",1,3.094335515631,2.239742798008,5.44305410416135,0
"981",1,1.15180511198619,3.25933000993106,5.73723113227663,0
"982",1,1.32175163248236,1.99147175261068,6.25006564677739,0
"983",1,3.69987308492148,-0.57518396583602,5.13743994294869,0
"984",1,1.97284038046838,3.31505898436208,5.37984939323556,0
"985",1,1.8555539067056,1.90535254575783,4.26017874817027,0
"986",1,3.06563883142884,1.12642428693813,6.21943800390963,0
"987",1,1.66674645214514,1.95160333849811,4.4314942898037,0
"988",1,0.484040253107165,1.93641432669728,4.66895363926193,0
"989",1,2.15406654500115,1.77525695484144,5.79572587324893,0
"990",1,2.59357763893805,1.55082896646155,5.34095842867305,0
"991",1,0.245754640079463,2.07790827722588,5.59420315045256,0
"992",1,3.07921036438723,1.97068116055853,5.79499273010058,0
"993",1,1.97168140520598,2.17354956394915,7.00556864736476,0
"994",1,2.99455258097888,1.51288403897183,6.00075229541476,0
"995",1,1.34466683068523,0.595482868208816,5.6249776441052,0
"996",1,1.76122199715185,2.94411882709207,5.65540647426584,0
"997",1,2.33678102627738,0.781581200440328,4.6316918504432,0
"998",1,2.01639012623929,3.42821915012186,3.86377299344345,0
"999",1,2.06837930641477,2.84203392976774,4.34974613778927,0
"1000",1,2.68399791139849,2.30629754446167,5.05585170899774,0
